             - # Reel[0]
                  symbols : [5,6,7,4,5,6,7,4,8,9,10,11,7,8,9,4,4,3,6,7,8,9,11,8,9,10,11,4,5,1,1,8,9,10,11,8,9,10,11,1,5,6,7,8,9,10,11,8,9,10,11,4,5,6,7,8,9,10,11,8]
                  weights : [1, 1, 1, 1, 1, 1, 1, 1, 1, 1, 1, 1, 1, 1, 1, 1, 1, 1, 1, 1, 1, 1, 1, 1, 1, 1, 1, 1, 1, 1, 1, 1, 1, 1, 1, 1, 1, 1, 1, 1, 1, 1, 1, 1, 1, 1, 1, 1, 1, 1, 1, 1, 1, 1, 1, 1, 1, 1, 1, 1]
                - # Reel[1]
                  symbols : [4,5,6,7,4,5,6,7,8,9,10,11,4,5,6,7,8,9,6,11,8,9,10,11,4,5,1,1,8,9,10,11,8,9,10,11,4,1,6,7,8,9,10,11,8,9,10,11,4,5,6,7,8,9,10,11,8,9,10,11]
                  weights : [1, 1, 1, 1, 1, 1, 1, 1, 1, 1, 1, 1, 1, 1, 1, 1, 1, 1, 1, 1, 1, 1, 1, 1, 1, 1, 1, 1, 1, 1, 1, 1, 1, 1, 1, 1, 1, 1, 1, 1, 1, 1, 1, 1, 1, 1, 1, 1, 1, 1, 1, 1, 1, 1, 1, 1, 1, 1, 1, 1]
                - # Reel[2]
                  symbols : [7,4,5,6,7,8,9,10,11,4,5,6,7,8,9,10,11,3,6,3,3,4,5,1,1,8,9,10,1,8,9,10,11,4,5,6,7,8,1,10,11,8,9,10,11,4,5,6,7,8,9,10,1,8,9,10,11,4,5,6]
                  weights : [1, 1, 1, 1, 1, 1, 1, 1, 1, 1, 1, 1, 1, 1, 1, 1, 1, 1, 1, 1, 1, 1, 1, 1, 1, 1, 1, 1, 1, 1, 1, 1, 1, 1, 1, 1, 1, 1, 1, 1, 1, 1, 1, 1, 1, 1, 1, 1, 1, 1, 1, 1, 1, 1, 1, 1, 1, 1, 1, 1]
                - # Reel[3]
                  symbols : [6,7,4,5,8,9,4,5,6,7,8,9,10,11,8,3,6,3,3,5,1,1,8,9,10,11,8,9,1,11,4,5,6,7,8,9,10,11,8,9,10,11,4,5,6,7,8,9,10,11,8,9,10,1,4,5,6,7,8,9]
                  weights : [1, 1, 1, 1, 1, 1, 1, 1, 1, 1, 1, 1, 1, 1, 1, 1, 1, 1, 1, 1, 1, 1, 1, 1, 1, 1, 1, 1, 1, 1, 1, 1, 1, 1, 1, 1, 1, 1, 1, 1, 1, 1, 1, 1, 1, 1, 1, 1, 1, 1, 1, 1, 1, 1, 1, 1, 1, 1, 1, 1]
                - # Reel[4]
                  symbols : [7,4,5,6,7,4,5,6,8,1,1,1,1,1,3,3,3,6,1,1,11,8,9,10,11,4,5,6,7,8,1,10,11,8,9,10,11,4,5,1,7,8,9,10,11,8,9,10,11,4,5,6,7,8,9,10,11,8,9,10]
                  weights : [1, 1, 1, 1, 1, 1, 1, 1, 1, 1, 1, 1, 1, 1, 1, 1, 1, 1, 1, 1, 1, 1, 1, 1, 1, 1, 1, 1, 1, 1, 1, 1, 1, 1, 1, 1, 1, 1, 1, 1, 1, 1, 1, 1, 1, 1, 1, 1, 1, 1, 1, 1, 1, 1, 1, 1, 1, 1, 1, 1]
                - # Reel[5]
                  symbols : [6,7,4,5,6,7,4,5,1,1,1,1,1,1,3,3,3,3,8,9,10,11,4,5,6,7,8,9,10,11,8,9,1,11,4,5,6,7,8,9,10,11,8,9,10,1,4,5,6,7,8,9,10,11,8,9,10,11,4,5]
                  weights : [1, 1, 1, 1, 1, 1, 1, 1, 1, 1, 1, 1, 1, 1, 1, 1, 1, 1, 1, 1, 1, 1, 1, 1, 1, 1, 1, 1, 1, 1, 1, 1, 1, 1, 1, 1, 1, 1, 1, 1, 1, 1, 1, 1, 1, 1, 1, 1, 1, 1, 1, 1, 1, 1, 1, 1, 1, 1, 1, 1]